
0 0
0.162 1.325
0.243 2.0258
0.317 2.6902
0.387 3.3268
0.458 3.9439
0.525 4.5454
0.589 5.1192
0.652 5.6727
0.716 6.2171
0.775 6.7509
0.835 7.2811
0.893 7.8069
0.95 8.3297
1.007 8.8487
1.066 9.3655
1.123 9.8798
1.18 10.3931
1.236 10.9033
1.293 11.4121
1.35 11.921
1.404 12.4279
1.461 12.9327
1.515 13.4362
1.573 13.9394
1.627 14.4401
1.682 14.9393
1.736 15.4373
1.793 15.9345
1.847 16.4302
1.904 16.9252
1.96 17.4182
2.016 17.9114
2.07 18.4035
2.124 18.8961
2.162 19.3886
2.191 19.915
2.213 20.3424
2.233 20.7658
2.257 21.2013
2.297 21.642
2.32 22.0867
2.342 22.5321
2.368 22.978
2.392 23.4249
2.421 23.8708
2.439 24.3173
2.468 24.7643
2.494 25.2111
2.521 25.6571
2.538 26.103
2.56 26.5471
2.581 26.9913
2.601 27.4354
2.62 27.8787
2.637 28.3205
2.659 28.7627
2.681 29.2023
2.701 29.6416
2.725 30.0819
2.749 30.5222
2.769 30.9612
2.791 31.4006
2.814 31.8394
2.834 32.2764
2.869 32.7132
2.893 33.1493
2.915 33.5842
2.936 34.0189
2.96 34.4535
2.98 34.8868
3 35.3203
3.021 35.7532
3.041 36.1841
3.064 36.6147
3.086 37.0438
3.109 37.4727
3.13 37.9015
3.15 38.3296
3.171 38.7574
3.196 39.1852
3.217 39.6118
3.237 40.0381
3.261 40.4645
3.28 40.8905
3.304 41.3166
3.325 41.7416
3.345 42.166
3.365 42.5904
3.388 43.0146
3.409 43.4376
3.43 43.8596
3.451 44.2805
3.474 44.7017
3.507 45.1222
3.535 45.5412
3.557 45.9608
3.579 46.3808
3.6 46.7998
3.621 47.2188
3.645 47.6367
3.668 48.0546
3.69 48.4717
3.712 48.8882
3.735 49.3039
3.759 49.7189
3.78 50.1327
3.801 50.5461
3.824 50.9583
3.847 51.3691
3.87 51.7789
3.892 52.1872
3.913 52.5947
3.937 53.0019
3.959 53.4085
3.98 53.8144
4.001 54.2194
4.024 54.6239
4.048 55.0265
4.07 55.4298
4.09 55.8328
4.113 56.2349
4.137 56.6358
4.159 57.0359
4.18 57.4335
4.2 57.8291
4.223 58.2234
4.246 58.6174
4.268 59.0104
4.289 59.4019
4.311 59.7923
4.333 60.1822
4.354 60.5715
4.375 60.9477